Credit:https://www.nytimes.com/interactive/2021/us/california-covid-cases.html
San Diego,California,3347270,3729
136 144 129 160 155 0 281 263 256 152 149 1 561 281
San Francisco,California,883255,544
24 28 20 25 33 34 24 77 23 21 41 39 46 49
San Bernardino,California,2206750,4722
54 87 100 55 58 62 75 184 158 90 104 202 113 202
Orange,California,3175130,5028
65 111 114 91 84 116 81 94 82 140 74 93 107 140
Los Angeles,California,9969510,24083
0 294 273 274 369 378 424 364 357 330 314 433 450 600
Alameda,California,1680480,1667
89 71 68 146 81 106 67 110 69 102 114 111 167 80
Sacramento,California,1578680,1691
110 69 128 307 108 0 165 119 122 154 339 114 0 201
Imperial,California,180599,728
28 1 12 12 16 12 44 28 29 4 4 25 42 13
Riverside,California,2520060,4594
104 3 258 120 0 0 111 139 11 301 104 0 0 137
Humbodlt,California,134186,42
19 15 14 63 5 0 20 38 28 10 34 0 0 8
Pinal,Arizona,494755,881
91 0 5 51 47 61 45 119 0 11 68 69 106 69
Pima,Arizona,1068730,2407
61 57 34 10 1 75 0 67 61 22 115 41 104 25
Maricopa,Arizona,4651440,9963
417 375 421 327 730 342 370 414 517 353 655 621 294 552
Yavapai,Arizona,241753,504
12 18 10 22 30 15 18 28 18 18 17 19 30 23